10,305
10,283
10,137
10,287
10,309
10,303
10,177
10,259
11,9
11,14
11,12
11,16
11,22
11,25
11,30
9,7
9,1
9,5
9,2
9,3
8,7
8,4
8,8
8,11
8,2
8,3
0,462
12,2
12,1
12,3
40,117
40,115
40,114
40,112
40,110
40,109
40,107
40,106
40,104
40,102
40,101
40,99
40,98
40,96
40,93
40,92
40,90
40,89
40,87
40,86
40,84
40,83
40,82
40,81
40,80
40,78
40,77
40,76
40,75
40,74
40,73
40,72
40,70
40,69
40,68
40,67
40,66
40,65
40,64
40,34
40,33
40,32
40,31
40,29
40,28
40,27
40,26
40,25
40,24
40,23
40,21
40,20
40,18
40,17
40,16
40,15
40,14
40,13
40,11
40,10
40,8
40,3
40,2
40,1
40,0
39,32
39,31
39,30
39,29
39,28
39,27
39,26
39,25
39,24
39,23
39,22
39,21
39,20
39,19
39,18
39,17
39,16
39,15
39,14
39,13
39,12
39,11
39,10
39,9
39,8
39,7
39,6
39,5
39,4
39,1
20,3
